
# Environments -------------------------------------------------------------------------------------------
	
# Medians								# Deltas

illustris_200b_0 = 2.372e13				= 0.05574111408054394
illustris_fof_0  = 2.265e13				= 0.03702384770341016
illustris_vir_0  = 2.099e13				= 0.06751119841000874
illustris_200c_0 = 1.775e13				= 0.09796886861491849
illustris_500c_0 = 1.379e13				= 0.14604746653654255

illustris_200b_1 = 1.726e13				= 0.10599179301144979
illustris_fof_1  = 1.830e13				= 0.10508248530137632
illustris_vir_1  = 1.710e13				= 0.10735563977485119
illustris_200c_1 = 1.578e13				= 0.11296984473839289
illustris_500c_1 = 1.149e13				= 0.14950823125620039

illustris_200b_2 = 1.289e13				= 0.179553458587139
illustris_fof_2  = 1.408e13				= 0.17580598660309898
illustris_vir_2  = 1.321e13				= 0.17769928185035266
illustris_200c_2 = 1.246e13				= 0.18238663575225855
illustris_500c_2 = 8.550e12				= 0.20975613051457098

tng_200b_0 = 2.623e13 					= 0.03003817412043297
tng_fof_0  = 2.596e13					= 0.005664073019022053
tng_vir_0  = 2.367e13					= 0.03876321483081613
tng_200c_0 = 2.037e13					= 0.062496514467749176
tng_500c_0 = 1.599e13					= 0.11336211882631386

tng_200b_1 = 1.933e13					= 0.08710592514368276
tng_fof_1  = 2.142e13					= 0.07584179516038603
tng_vir_1  = 1.927e13					= 0.08732300314293484
tng_200c_1 = 1.790e13					= 0.09068050573451147
tng_500c_1 = 1.309e13					= 0.12154006196114775

tng_200b_2 = 1.449e13					= 0.14689036043178727
tng_fof_2  = 1.758e13					= 0.14349368935061935
tng_vir_2  = 1.489e13					= 0.14530286662177128
tng_200c_2 = 1.408e13					= 0.14877754684048194
tng_500c_2 = 9.723e12					= 0.17413195475216914

eagle_200b_0 = 2.737e13					= 0.06365305598182136
eagle_fof_0  = 2.596e13					= 0.05870484539287224
eagle_vir_0  = 2.456e13					= 0.07275341119910128
eagle_200c_0 = 2.101e13					= 0.08758730787824409
eagle_500c_0 = 1.658e13					= 0.1351224819447716

eagle_200b_1 = 1.947e13					= 0.09352794077149129
eagle_fof_1  = 2.024e13					= 0.0837019150873195
eagle_vir_1  = 1.941e13					= 0.09376639576922474
eagle_200c_1 = 1.802e13					= 0.09540390952501054
eagle_500c_1 = 1.317e13					= 0.11712954460059066

eagle_200b_2 = 1.447e13					= 0.14675996970480032
eagle_fof_2  = 1.623e13					= 0.14363704163871405
eagle_vir_2  = 1.488e13					= 0.14621486658361427
eagle_200c_2 = 1.405e13					= 0.14768858537190077
eagle_500c_2 = 9.715e12					= 0.17108514680913856